latitude: 000.0000000
longitude: 000.0000000
andy_work_lat: 000.0000000
andy_work_long: 000.0000000
tom_work_lat: 000.0000000
tom_work_long: 000.0000000
homeassistant_elevation: 00
api_password: password
http_port: 80
external_ip: 10.10.10.10
ssl_certificate: 'fake_crt'
ssl_key: 'fake_key'
http_base_url: your.website.com
apple_tv_login: 000000
tom_email: your@email.com
ibeacon: 000000-0000-0000-0000-000000000000
ssl_key: /path/here
ssl_path: /path/here
